Route 1
32.02720719733715, 34.80927485273521
32.02677059462153, 34.80961817546702
32.02640675743549, 34.81013315956475
32.026188454430155, 34.810304820930654
32.02567907872777, 34.8113347891261
32.025460773988215, 34.811506450492
32.025169700192855, 34.811935603906775
32.02436924248652, 34.81330889483403
32.02393262624406, 34.813995540297654
32.02313215772804, 34.81485384712719
32.022258911369896, 34.81605547668855
32.02145842822938, 34.81691378351808
32.02022130416423, 34.81845873581124
32.01912971023428, 34.820347010836215
32.018474747633796, 34.821033656299846
32.018401973722526, 34.82120531766575
Route 4
32.019275256843024, 34.82223528586119
32.01978466815289, 34.82266443927596
32.02022130436644, 34.822836100874135
32.02131288526841, 34.823522746323576
32.0235687779187, 34.82515352926601
32.02393262636958, 34.825496851990735
32.02422370408974, 34.825668513353094
32.024514780885056, 34.82592600539664
32.02502416305128, 34.826097666759
32.0258246150182, 34.82669848152726
32.026042918886155, 34.826870142889625
32.02684336195071, 34.82738512697671
32.02757103139409, 34.827814280382604
32.02793486394793, 34.82824343378851
32.028444227095314, 34.82850092583205
32.029099118408205, 34.82867258719441
32.030045064259895, 34.82901590991913
32.03026335806894, 34.829101740600315
32.03084547234942, 34.829101740600315
Ariel sharon park
32.030257305472475, 34.821906311274326
32.02975405476107, 34.82186064845341
32.029328225076185, 34.822773904871646
32.030257305472475, 34.822773904871646
32.03083797593404, 34.822271613841615
32.03110895422284, 34.82181498563249
32.03165090839507, 34.820582089467884
32.03141864271397, 34.819942809975124
32.030721842136266, 34.818938227915076
32.03153477562816, 34.82236293948343
32.030528285479356, 34.823778486931694
32.02975405476107, 34.822499927946176
32.03083797593404, 34.823504510006224
32.031457353701725, 34.822317276662524
32.03153477562816, 34.82085606639336
32.03107024308781, 34.82030811254241
32.031805751855195, 34.819942809975124
32.031805751855195, 34.821130043318824
32.031805751855195, 34.82181498563249
32.03103153193642, 34.82309354461802
32.03056699684346, 34.82386981257352
32.02987018978608, 34.82272824205073
32.029560496058835, 34.82272824205073
32.02940564880253, 34.8222259510207
32.03048957409889, 34.821404020244294
32.029328225076185, 34.821175706139734
32.02994761305424, 34.823139207438935
Namal Yafo
32.051328908410056, 34.748728725021365
32.05023422766092, 34.7483412631376
32.049905820882714, 34.7481475321957
32.048865858310194, 34.74737260842815
32.04837324033533, 34.74756633937004
32.048592181984844, 34.747501762389405
32.04815429816201, 34.74724345446689
32.04826376931413, 34.74704972352501
32.04799009118832, 34.74640395371871
32.04738799643085, 34.7461456457962
32.05165731008129, 34.74937449482766
32.05225937675097, 34.75002026463395
32.05275197380704, 34.75021399557585
32.053518230623425, 34.750278572556475
32.05390135662534, 34.75053688047899
32.054339212948946, 34.750924342362765
32.05105523945041, 34.74924534086641
32.0494132085057, 34.74827668615696
32.04913953381715, 34.74788922427319
32.047935355464965, 34.74666226164123
32.04892059347704, 34.74763091635067
32.05045316485833, 34.74937449482766
32.049960555427575, 34.74827668615696
32.049194268820315, 34.74776007031193
32.04826376931413, 34.74711430050563
32.049467943345185, 34.74853499407948
32.04968688237584, 34.748212109176336
32.05007002441914, 34.7483412631376